
############ 1 PROCESSOS ############
0.296463
0.244750
0.298042
0.238434
0.271988
0.367124
0.238434
0.320938
0.260145
0.262119

############ 2 PROCESSOS ############
0.411337
0.413706
0.412916
0.407784
0.423970
0.424364
0.410943
0.461471
0.403837
0.468972

############ 3 PROCESSOS ############
0.661614
0.672272
0.834123
0.689247
0.640691
0.657666
0.697931
0.696747
0.675430
0.693984

############ 4 PROCESSOS ############
0.774119
0.781620
0.804516
0.773725
1.111637
0.783594
0.812806
0.825833
0.790699
0.767803

############ 5 PROCESSOS ############
1.121506
1.177167
1.163745
1.154271
1.157034
1.162166
1.352439
1.192168
1.163350
1.180720

############ 6 PROCESSOS ############
1.230459
1.372177
1.307831
1.329938
1.262829
1.335859
1.516263
3.516894
1.318885
1.337044

############ 7 PROCESSOS ############
1.559292
4.454838
1.886941
1.848254
4.086529
4.173376
1.751144
3.058186
4.344306
1.631533

############ 8 PROCESSOS ############
5.508446
5.572002
2.121427
40.698310
47.722230
5.738984
5.656085
5.494629
5.498182
5.397124

############ 9 PROCESSOS ############
2.386704
2.475919
2.384730
6.344147
2.700141
2.395388
2.482235
2.266303
2.703694
2.378019

############ 10 PROCESSOS ############
2.944496
3.202667
2.887256
3.017921
4.744985
2.814621
2.864360
2.968576
2.863965
3.015552
