
############ 1 PROCESSOS ############
0.293700
0.264882
0.276725
0.279883
0.251066
0.262514
0.302384
0.266067
0.303174
0.276330

############ 2 PROCESSOS ############
0.410548
0.435023
0.434628
0.422785
0.403047
0.413706
0.411337
0.399889
0.425943
0.409363

############ 3 PROCESSOS ############
0.677404
0.657666
0.722011
0.700694
0.708984
0.701484
0.723590
0.655692
0.696747
0.694378

############ 4 PROCESSOS ############
0.843202
0.960840
0.834517
0.827806
0.819516
0.805700
0.867677
0.862545
0.847544
0.817543

############ 5 PROCESSOS ############
1.237170
1.294015
1.195720
1.254934
1.211116
1.119927
1.262040
1.253355
1.221380
1.183483

############ 6 PROCESSOS ############
1.515474
1.763382
3.414652
1.426653
1.486262
1.384020
1.418364
1.550607
1.483893
1.712063

############ 7 PROCESSOS ############
1.773645
7.157742
6.559685
1.917732
5.847937
1.843123
5.953337
1.841149
1.809568
1.854176

############ 8 PROCESSOS ############
6.960364
2.483419
38.215286
2.050765
7.050763
6.840357
6.935494
42.312473
2.572634
2.273408

############ 9 PROCESSOS ############
2.420653
2.370913
8.736772
2.282093
2.409600
2.495657
2.507499
2.515000
2.527237
2.376045

############ 10 PROCESSOS ############
2.910942
5.449232
3.214115
7.996602
3.268987
3.034895
2.895546
2.791725
2.974892
3.101609
